diet	species	Cor_diet_sp	Pval_diet_sp	Cor_sp_cdai	Pval_sp_cdai	Qval_diet_sp	Qval_sp_cdai
breast_fed	Vescimonas_coprocola	0.246467555776741	0.000176175223884273	-0.228193824748204	0.000530359679543007	0.0198870738019952	0.00206024337053245
baby_food	Evtepia_gabavorous	-0.252920354432769	0.000116958744436116	-0.151992088708893	0.0219822580069813	0.017256096123473	0.0443144926401951
baby_food	Mogibacterium_sp_BX12	-0.245360840195875	0.00018879340009347	-0.251087406968852	0.000131537180610407	0.0201274741544094	0.000660330402687183
baby_food	Anaeromassilibacillus_sp_An250	-0.215230379769205	0.0011016190096503	-0.300998056455593	3.88411193250457e-06	0.044972879139303	9.80738262957404e-05
family_food	Clostridium_sp_AT4	0.232267733908319	0.000417881371175266	-0.159544640575251	0.0161307592768572	0.0276522190098392	0.0346639720630335
age_1_5_years_5	Phocaeicola_dorei	-0.221083918097648	0.000796011158664635	-0.17819353596116	0.00711293766368918	0.039167831114806	0.0167071326519211
age_1_5_years_6	Phocaeicola_dorei	-0.226321783187199	0.000590926080289646	-0.17819353596116	0.00711293766368918	0.0335563705734035	0.0167071326519211
age_1_5_years_6	Clostridium_fessum	-0.248007958766743	0.000159919408519318	-0.254330226959536	0.000106790408593349	0.019799054512811	0.000599212848218234
age_1_5_years_6	Clostridium_sp_AT4	-0.241663649562638	0.000237330404435643	-0.159544640575251	0.0161307592768572	0.0213397350582344	0.0346639720630335
age_5_10_years_6	Clostridium_fessum	-0.29722529267503	5.19311699815941e-06	-0.254330226959536	0.000106790408593349	0.00132874553592906	0.000599212848218234
age_5_10_years_6	Flavonifractor_plautii	-0.314472413812529	1.33095114620546e-06	-0.263515611197119	5.8291946412325e-05	0.000638523812392069	0.000399750903097897
age_5_10_years_6	Clostridium_sp_AT4	-0.302136691582382	3.55528262046809e-06	-0.159544640575251	0.0161307592768572	0.0012046430256232	0.0346639720630335
age_5_10_years_6	Dysosmobacter_welbionis	-0.253867190600074	0.000110034816359278	-0.407803940829769	1.65639584489482e-10	0.017256096123473	1.67295980334377e-08
age_5_10_years_6	Hydrogenoanaerobacterium_saccharovorans	-0.228285313424258	0.000527552436061187	-0.250415313167274	0.000137296420360701	0.0316366601500443	0.000660330402687183
age_5_10_years_6	Clostridia_bacterium_UC5_1_1D1	-0.288062269651157	1.03383306009723e-05	-0.281765626178608	1.63678683302399e-05	0.00247990705290824	0.000183683855706025
age_10_18_years_6	Clostridium_fessum	-0.229717620504155	0.000485358816286231	-0.254330226959536	0.000106790408593349	0.0300452764017187	0.000599212848218234
age_10_18_years_6	Flavonifractor_plautii	-0.233140284682678	0.000396867742600153	-0.263515611197119	5.8291946412325e-05	0.0267400502545677	0.000399750903097897
age_10_18_years_6	Clostridium_sp_AT4	-0.219746593433134	0.000857987458286796	-0.159544640575251	0.0161307592768572	0.0397529885286575	0.0346639720630335
age_4_12_months_7	Clostridia_bacterium_UC5_1_1D1	-0.237637542126634	0.000303269475048704	-0.281765626178608	1.63678683302399e-05	0.0228225146124887	0.000183683855706025
age_1_5_years_7	Anaerostipes_hadrus	-0.225818750751704	0.000608257733953216	-0.212113478422704	0.00130522105691837	0.0335563705734035	0.00411960396089861
age_1_5_years_7	Mediterraneibacter_glycyrrhizinilyticus	-0.252407366233268	0.000120878477373668	-0.151548682169981	0.0223766249965341	0.017256096123473	0.0443144926401951
age_1_5_years_7	Flavonifractor_plautii	-0.321684240943289	7.33926058109726e-07	-0.263515611197119	5.8291946412325e-05	0.000580458154332373	0.000399750903097897
age_1_5_years_7	Clostridium_sp_AT4	-0.246910256743385	0.000171351976520973	-0.159544640575251	0.0161307592768572	0.0198870738019952	0.0346639720630335
age_1_5_years_7	Dysosmobacter_welbionis	-0.272281130208646	3.20313470407373e-05	-0.407803940829769	1.65639584489482e-10	0.00647033210222893	1.67295980334377e-08
age_1_5_years_7	Anaerotruncus_colihominis	-0.220339144422772	0.000829997701204179	-0.255198220019067	0.000100948753139421	0.0397529885286575	0.000599212848218234
age_1_5_years_7	Clostridia_bacterium_UC5_1_1D1	-0.310433105576791	1.84510084220476e-06	-0.281765626178608	1.63678683302399e-05	0.000786833003597985	0.000183683855706025
age_5_10_years_7	Mediterraneibacter_glycyrrhizinilyticus	-0.225711209739284	0.000612023434116271	-0.151548682169981	0.0223766249965341	0.0335563705734035	0.0443144926401951
age_5_10_years_7	Flavonifractor_plautii	-0.315361793202594	1.2377876657022e-06	-0.263515611197119	5.8291946412325e-05	0.000638523812392069	0.000399750903097897
age_5_10_years_7	Dysosmobacter_welbionis	-0.234346569601299	0.000369428790895551	-0.407803940829769	1.65639584489482e-10	0.0261783392859765	1.67295980334377e-08
age_5_10_years_7	Clostridia_bacterium_UC5_1_1D1	-0.306301681349559	2.56424344906106e-06	-0.281765626178608	1.63678683302399e-05	0.000984156635749634	0.000183683855706025
age_10_18_years_7	Flavonifractor_plautii	-0.301394484847791	3.76647115880106e-06	-0.263515611197119	5.8291946412325e-05	0.0012046430256232	0.000399750903097897
age_10_18_years_7	Dysosmobacter_welbionis	-0.278094020561797	2.12883055093903e-05	-0.407803940829769	1.65639584489482e-10	0.00480614803206118	1.67295980334377e-08
age_10_18_years_7	Anaerotruncus_colihominis	-0.241610668061306	0.000238103748759654	-0.255198220019067	0.000100948753139421	0.0213397350582344	0.000599212848218234
age_10_18_years_7	Clostridia_bacterium_UC5_1_1D1	-0.240553814427753	0.000254029409136069	-0.281765626178608	1.63678683302399e-05	0.0213397350582344	0.000183683855706025
age_5_10_years_8	Clostridia_bacterium_UC5_1_1D1	-0.219371583467912	0.000876147973592772	-0.281765626178608	1.63678683302399e-05	0.0397529885286575	0.000183683855706025
age_10_18_years_8	Phocaeicola_dorei	-0.215420939437469	0.00109017212093115	-0.17819353596116	0.00711293766368918	0.044972879139303	0.0167071326519211
age_10_18_years_8	Flavonifractor_plautii	-0.241898606504612	0.000233928982600193	-0.263515611197119	5.8291946412325e-05	0.0213397350582344	0.000399750903097897
age_10_18_years_8	Dysosmobacter_welbionis	-0.229265956474291	0.000498314128416284	-0.407803940829769	1.65639584489482e-10	0.0303576130930428	1.67295980334377e-08
age_10_18_years_8	Clostridia_bacterium_UC5_1_1D1	-0.233129156301311	0.000397129459226253	-0.281765626178608	1.63678683302399e-05	0.0267400502545677	0.000183683855706025
age_4_12_months_9	Eubacterium_ventriosum	0.243913561673184	0.000206569505238017	-0.207518018723494	0.00166880362091521	0.0208635200290397	0.00495732840330694
age_4_12_months_9	Fusicatenibacter_saccharivorans	0.223294606604745	0.000702540343387232	-0.220097307242277	0.000841317922729986	0.0364371599718946	0.00283243700652429
age_4_12_months_9	Clostridiaceae_bacterium	0.217299383281209	0.000983040283674051	-0.278974638464035	1.99944817010459e-05	0.042873961462966	0.000201944265180563
age_4_12_months_9	GGB9719_SGB15272	0.223894990189163	0.00067896546984526	-0.221966196446282	0.000757411691577635	0.0357159207089375	0.00273209217319075
age_4_12_months_9	Clostridium_fessum	0.223976223848805	0.000675832432354158	-0.254330226959536	0.000106790408593349	0.0357159207089375	0.000599212848218234
age_4_12_months_9	Roseburia_inulinivorans	0.234088540291317	0.000375145560377464	-0.266313665862174	4.825907465191e-05	0.0261783392859765	0.000399750903097897
age_4_12_months_9	Flavonifractor_plautii	0.337782891309499	1.83607258972715e-07	-0.263515611197119	5.8291946412325e-05	0.00023489488664576	0.000399750903097897
age_4_12_months_9	Roseburia_intestinalis	0.219998847261064	0.000845967373731095	-0.203966431933554	0.00201079481950803	0.0397529885286575	0.0058025793362946
age_4_12_months_9	Ruthenibacterium_lactatiformans	0.245906009607237	0.000182475800575082	-0.194634899808369	0.00323484530768666	0.0200097749316333	0.00816798440190881
age_4_12_months_9	Dysosmobacter_welbionis	0.350362741557942	5.87842339297234e-08	-0.407803940829769	1.65639584489482e-10	0.000112806944911139	1.67295980334377e-08
age_4_12_months_9	Faecalibacterium_prausnitzii	0.22582449993063	0.000608057022722278	-0.281858701516015	1.62583856433924e-05	0.0335563705734035	0.000183683855706025
age_4_12_months_9	Hydrogenoanaerobacterium_saccharovorans	0.238094430114628	0.00029500958867647	-0.250415313167274	0.000137296420360701	0.0226449360268059	0.000660330402687183
age_4_12_months_9	Clostridia_bacterium_UC5_1_1D1	0.219585593152644	0.000865741280266594	-0.281765626178608	1.63678683302399e-05	0.0397529885286575	0.000183683855706025
age_4_12_months_9	Clostridiales_bacterium_KLE1615	0.241339999208999	0.000242091344299005	-0.224544138609435	0.000654299147992901	0.0213397350582344	0.002447563479529
age_4_12_months_9	Agathobaculum_butyriciproducens	0.221342239662597	0.00078452597081389	-0.163748579782756	0.0135038520274959	0.039167831114806	0.0296497620603714
age_1_5_yers_9	Fusicatenibacter_saccharivorans	0.214978518217702	0.00111691769445841	-0.220097307242277	0.000841317922729986	0.044972879139303	0.00283243700652429
age_1_5_yers_9	Flavonifractor_plautii	0.250024509245988	0.00014075288233405	-0.263515611197119	5.8291946412325e-05	0.0186279159447615	0.000399750903097897
age_1_5_yers_9	Dysosmobacter_welbionis	0.217602394248798	0.000966695037193741	-0.407803940829769	1.65639584489482e-10	0.0426456960086158	1.67295980334377e-08
age_1_5_years_10	Phocaeicola_dorei	-0.21607446488574	0.00105173984062361	-0.17819353596116	0.00711293766368918	0.044972879139303	0.0167071326519211
age_5_10_years_10	Flavonifractor_plautii	-0.238922103216009	0.000280577100446205	-0.263515611197119	5.8291946412325e-05	0.0219766308471946	0.000399750903097897
age_5_10_years_10	Clostridia_bacterium_UC5_1_1D1	-0.239944092774688	0.000263663039907839	-0.281765626178608	1.63678683302399e-05	0.0215306116418359	0.000183683855706025
age_10_18_years_10	Flavonifractor_plautii	-0.24696369243452	0.00017077821006256	-0.263515611197119	5.8291946412325e-05	0.0198870738019952	0.000399750903097897
age_1_5_years_11	Phocaeicola_dorei	-0.218092324442632	0.000940794967526747	-0.17819353596116	0.00711293766368918	0.0419857102949727	0.0167071326519211
age_5_10_years_11	Flavonifractor_plautii	-0.230859853193697	0.000453974923585738	-0.263515611197119	5.8291946412325e-05	0.0290392626120343	0.000399750903097897
age_5_10_years_11	Clostridia_bacterium_UC5_1_1D1	-0.212909863860836	0.00125015317221545	-0.281765626178608	1.63678683302399e-05	0.0484655340905342	0.000183683855706025
age_5_10_years_12	Flavonifractor_plautii	-0.260571578962509	7.09474683903987e-05	-0.263515611197119	5.8291946412325e-05	0.0133293824172878	0.000399750903097897
